#z_eff   θ_bao  σ(θ_bao) z_ON      θ_ON    σ(θ_ON)
0.000    0.000   0.000   0.000     0.000   0.000
0.000    0.000   0.000   0.110     19.80   1.050
0.350    5.800   0.106   0.000     0.000   0.000
0.370    6.070   0.136   0.000     0.000   0.000
0.390    5.890   0.109   0.000     0.000   0.000
0.410    5.300   0.157   0.000     0.000   0.000
0.430    4.870   0.093   0.000     0.000   0.000
0.450    4.520   0.150   0.000     0.000   0.000
0.470    4.690   0.131   0.000     0.000   0.000
0.490    4.690   0.080   0.000     0.000   0.000
0.510    4.650   0.112   0.000     0.000   0.000
0.530    4.030   0.089   0.000     0.000   0.000
0.550    3.560   0.078   0.000     0.000   0.000
0.570    4.360   0.103   0.000     0.000   0.000
0.610    3.780   0.079   0.000     0.000   0.000
0.630    3.900   0.080   0.000     0.000   0.000
0.000    0.000   0.000   1.725     1.928   0.094
0.000    0.000   0.000   2.225     1.770   0.310

