# Covariance Matrix for theta_BAO
0.011236 0.002739 0.004044 0.001997 0.000887 0.001272 0.000694 0.001781 0.000594 0.000566 0.000496 0.000655 0.002763 0.000594
0.002739 0.018496 0.003854 0.002135 0.000885 0.001428 0.000713 0.001741 0.000457 0.000605 0.000530 0.000700 0.002793 0.000544
0.004044 0.003854 0.011881 0.002909 0.001318 0.001635 0.001000 0.002442 0.000855 0.000776 0.000680 0.000898 0.003961 0.000785
0.001997 0.002135 0.002909 0.024649 0.000584 0.000942 0.000411 0.001256 0.000352 0.000419 0.000367 0.000485 0.002109 0.000377
0.000887 0.000885 0.001318 0.000584 0.008649 0.000418 0.000365 0.000595 0.000104 0.000166 0.000145 0.000192 0.000882 0.000149
0.001272 0.001428 0.001635 0.000942 0.000418 0.022500 0.000393 0.000720 0.000336 0.000267 0.000234 0.000309 0.001303 0.000240
0.000694 0.000713 0.001000 0.000411 0.000365 0.000393 0.017161 0.000419 0.000147 0.000117 0.000102 0.000135 0.000621 0.000210
0.001781 0.001741 0.002442 0.001256 0.000595 0.000720 0.000419 0.006400 0.000358 0.000356 0.000312 0.000412 0.002591 0.000384
0.000594 0.000457 0.000855 0.000352 0.000104 0.000336 0.000147 0.000358 0.012544 0.000199 0.000175 0.000231 0.000973 0.000090
0.000566 0.000605 0.000776 0.000419 0.000166 0.000267 0.000117 0.000356 0.000199 0.007921 0.000139 0.000183 0.000844 0.000071
0.000496 0.000530 0.000680 0.000367 0.000145 0.000234 0.000102 0.000312 0.000175 0.000139 0.006084 0.000161 0.000739 0.000062
0.000655 0.000700 0.000898 0.000485 0.000192 0.000309 0.000135 0.000412 0.000231 0.000183 0.000161 0.010609 0.000976 0.000082
0.002763 0.002793 0.003961 0.002109 0.000882 0.001303 0.000621 0.002591 0.000973 0.000844 0.000739 0.000976 0.006241 0.000569
0.000594 0.000544 0.000785 0.000377 0.000149 0.000240 0.000210 0.000384 0.000090 0.000071 0.000062 0.000082 0.000569 0.006400
